1 1062 47.168252
1 1262 43.85427
5 664 28.031395
6 276 259.193911
7 644 30.870964
7 949 57.975093
8 1254 36.691801
9 208 55.386407
9 949 17.983268
9 1197 19.331521
10 161 120.032725
10 595 78.809308
12 261 17.161684
12 595 88.127328
12 1172 29.737423
12 1242 28.744252
14 682 12.684387
15 1193 46.886293
19 269 43.644896
19 771 148.501771
19 1086 53.414859
20 342 74.196436
20 370 87.458195
20 382 85.40498
20 432 77.643401
20 848 95.099335
20 957 74.559841
21 295 55.325559
21 302 1.537765
21 410 67.913047
21 677 19.49192
21 695 60.395475
21 779 12.813552
21 1026 65.434626
23 690 31.724633
25 67 135.192586
25 106 36.502557
25 303 26.993962
25 394 40.758407
25 554 45.473198
25 916 136.803666
25 931 187.723846
25 950 137.745464
25 1071 67.528159
25 1112 9.27593
25 1192 42.037941
25 1215 41.578755
27 26 14.707928
27 276 43.348909
26 624 48.007663
26 815 31.838926
29 674 19.280109
29 754 67.369004
31 281 151.228122
31 850 87.391529
33 765 92.788448
33 1276 25.176167
38 1204 62.726118
39 271 91.59557
39 454 57.976218
41 441 20.765535
41 812 10.391014
41 1323 93.283394
42 554 44.824063
46 45 0.832414
46 47 19.400777
46 48 2.551536
46 669 36.744941
46 890 18.398168
47 49 21.671933
48 1131 23.112201
49 1274 36.105955
44 45 2.318774
44 102 103.36908
44 669 36.76703
44 890 16.845145
44 1093 128.810241
44 1131 27.203629
44 1274 37.037247
51 205 19.704604
52 127 101.501392
52 334 51.028441
52 425 31.620203
52 829 82.003031
52 862 34.331015
52 1209 23.416078
52 1245 46.912154
54 262 43.591709
54 926 38.588885
54 1172 26.693966
55 232 38.283662
56 390 13.916103
56 758 24.267745
57 114 39.634359
57 412 115.963795
57 413 114.640724
58 302 22.619264
58 709 45.978305
62 603 27.789781
67 25 135.192586
67 1212 36.806275
68 764 48.645431
68 800 91.354304
68 1054 57.244082
68 1159 18.962256
70 189 6.554454
70 1074 45.161416
71 197 100.437774
71 771 47.366088
73 708 39.826565
73 982 17.144472
73 1056 47.576769
74 1292 21.419318
75 614 48.677972
77 111 76.712597
77 390 58.183575
77 578 46.892859
78 776 42.123029
80 755 43.966265
80 1284 67.479553
83 338 36.384584
83 1043 129.840825
91 1002 13.5484
92 161 45.324593
93 15 11.614679
94 665 39.776414
94 1185 36.023008
96 339 37.584552
96 726 18.081791
96 855 84.430654
99 25 99.043271
99 842 38.538056
102 44 103.36908
102 577 68.404074
102 946 55.4571
102 1109 34.192547
102 1223 70.028562
102 1274 66.331833
102 1284 84.577192
104 562 44.035346
104 752 23.220268
104 854 23.747617
106 25 36.502557
106 1151 48.68993
106 1192 60.691006
106 1215 40.026659
107 431 49.233563
107 583 32.007334
107 1026 76.689923
109 511 31.812668
109 827 38.183413
110 788 70.342391
110 845 57.212932
111 77 76.712597
111 330 104.373454
111 423 15.828212
111 754 62.251903
111 976 13.902167
114 412 85.84857
114 779 39.073591
116 164 20.297236
116 785 45.080252
116 948 118.82854
117 301 27.331634
118 258 17.19579
121 397 32.257457
122 20 15.427606
122 465 96.818277
123 918 35.233262
125 78 69.75601
125 133 30.262948
127 161 69.066342
127 483 34.436807
127 624 77.841386
127 628 58.933164
127 1106 56.688131
127 1197 19.537538
128 1271 12.915477
132 548 29.030307
133 532 62.569431
133 545 11.933878
137 231 28.741661
139 480 11.861239
140 484 18.527151
140 725 91.490302
140 834 22.003346
140 929 38.218845
142 460 37.015523
145 21 39.013803
145 607 20.429485
145 711 56.595988
145 1026 38.805889
146 339 17.056612
146 726 33.590572
146 910 23.202867
149 447 17.910692
152 440 8.282847
152 1089 24.554902
153 23 115.790327
153 1264 117.8891
154 1268 14.834905
155 1075 94.994433
161 10 120.032725
161 481 59.698995
161 575 66.883433
161 624 32.607745
161 1254 41.561972
162 577 30.779753
162 767 41.658856
162 1284 52.520265
163 336 25.2744
163 469 8.097094
163 961 41.469859
164 464 240.678118
165 668 30.515176
165 864 5.146518
165 1172 46.016764
168 864 13.95441
168 1017 12.376229
169 584 32.150924
172 533 26.330554
172 681 37.328163
175 52 47.445691
177 1294 22.982798
178 139 35.95836
178 312 100.996797
178 407 29.790954
178 454 36.28106
178 784 47.944764
178 846 30.520116
178 1264 99.416161
159 200 24.845351
181 180 1.549782
181 226 85.571007
181 554 65.828223
181 596 20.240571
181 617 55.987673
181 894 86.4585
181 950 33.974281
181 1068 54.881553
181 1255 33.354313
179 180 7.047908
184 228 30.828658
184 875 34.420972
184 1118 19.37594
184 1222 20.380303
187 178 37.832317
187 192 69.209287
188 711 82.552486
188 1026 31.998569
189 1056 11.026192
192 1299 30.694991
193 153 9.581043
193 344 72.334108
194 298 126.45763
195 581 37.82265
197 71 100.437774
197 745 94.354897
197 1314 113.750553
198 116 49.291595
198 258 67.141588
198 340 51.913699
198 634 73.996988
198 775 171.385415
198 785 84.772356
198 824 30.953758
198 955 71.984399
198 1092 79.984138
198 1119 89.699217
201 200 0.82465
201 202 6.249567
202 203 22.144317
202 369 66.311993
202 1069 12.573685
203 1039 77.612073
199 276 97.946359
199 277 94.383844
199 369 69.710611
199 1039 96.555822
199 1068 47.971284
204 644 37.908776
204 741 10.718891
204 820 48.159528
205 51 19.704604
206 286 89.22674
206 1294 43.453177
207 842 39.410771
208 127 64.521585
208 309 50.001189
210 330 122.778112
210 566 38.19314
210 960 74.396912
213 1197 88.243025
214 477 30.876797
214 671 47.465279
216 981 22.623137
217 827 70.167044
220 567 131.255479
220 933 53.834391
220 1317 107.230279
222 959 40.328425
223 724 46.78448
223 1050 17.990582
227 673 42.696966
227 916 46.477477
227 978 26.465327
230 184 33.175378
230 336 21.417149
230 369 105.647552
230 1225 21.026727
228 184 30.828658
228 336 20.364239
228 657 24.154124
228 670 40.29627
228 1165 24.073177
228 1225 22.381993
231 94 54.015276
232 775 53.668697
232 1220 36.396831
233 179 33.606996
233 698 57.481695
233 916 13.046049
236 1183 61.350393
238 882 22.595611
244 243 2.242047
244 412 56.387979
244 413 55.794571
244 677 43.894602
244 1081 37.857299
244 1322 6.653268
246 110 59.161807
246 518 74.185102
246 752 53.965593
246 788 35.688301
247 198 31.557582
248 348 17.7714
251 83 37.613846
253 727 15.658351
253 985 82.549846
253 1076 8.846516
254 259 21.616186
254 1297 11.54028
255 580 32.245553
255 1269 15.232812
257 267 177.940841
257 370 176.588664
257 445 157.815443
257 647 56.041469
257 757 30.464681
258 198 67.141588
258 676 28.780558
258 962 53.706001
258 1119 49.143764
258 1325 25.379198
259 254 21.616186
259 965 56.472002
263 165 75.453321
263 262 3.577023
263 595 75.051042
263 1012 61.013679
263 1028 43.129529
263 1101 41.809627
263 1242 35.224957
263 1256 42.989299
261 420 112.709043
261 675 39.650253
261 719 98.218906
261 1101 42.583284
266 276 48.359182
266 1206 134.315705
266 1235 46.756967
267 651 74.35481
267 756 13.726503
267 1264 63.424174
270 1086 28.784447
269 220 87.87612
269 620 28.941277
269 771 115.642746
269 901 44.505772
269 965 51.847463
269 1086 13.239464
269 1273 19.182027
272 599 9.034644
271 455 30.945839
271 1156 38.669048
273 992 30.015742
273 1223 67.012456
273 1274 130.441573
273 1284 49.747644
273 1297 10.623547
275 19 75.813272
275 326 14.398467
275 353 45.810375
274 794 40.492813
278 199 93.656863
278 276 5.281702
278 1018 56.01728
278 1039 52.383788
278 1235 59.645819
278 1255 83.186635
276 9 119.526688
276 14 65.924266
276 199 97.946359
276 213 40.956389
276 277 4.246367
276 315 74.191791
276 427 62.593189
276 587 173.752011
276 949 112.766162
276 1206 89.768568
276 1235 62.732948
276 1255 83.928706
276 1261 77.1865
280 755 15.811926
280 803 45.210401
280 1201 14.772462
281 31 151.228122
281 524 66.951659
283 394 69.583782
285 793 72.027917
285 1001 36.465077
286 206 89.22674
287 520 54.027491
290 774 40.745496
291 416 47.035158
291 483 57.050484
291 612 12.539554
291 853 57.622725
296 21 55.014222
296 188 52.063422
297 993 33.816509
298 936 52.304951
301 532 49.644775
301 635 21.416598
301 1162 102.325325
302 21 1.537765
302 58 22.619264
302 412 93.260821
302 520 67.630924
302 960 114.437331
303 25 26.993962
303 554 25.109988
303 1071 40.534204
304 307 185.458017
304 913 84.470516
304 1092 97.922759
305 379 64.491379
305 431 33.124225
306 291 51.16623
306 321 25.435039
307 587 33.13976
307 785 198.263477
307 1160 84.726189
309 208 50.001189
309 1245 40.042944
310 6 152.187869
310 198 94.658048
310 258 79.083012
310 634 21.611865
310 641 45.54448
310 723 62.764471
310 775 111.894841
310 977 95.482521
310 1250 74.403398
311 1197 83.305732
312 1111 71.798919
314 161 108.998439
315 276 74.191791
315 464 82.536968
317 1066 73.246179
317 1190 23.06471
318 511 31.99835
318 827 36.634979
318 980 130.34132
319 159 35.659005
320 610 10.912745
320 1145 9.268671
321 92 97.602055
321 385 29.796311
321 481 100.264052
321 624 167.533334
322 626 13.852987
322 727 72.840294
322 1236 44.596224
325 511 67.368551
326 19 72.33508
326 275 14.398467
326 684 93.937383
327 229 54.285708
327 1119 33.268634
330 210 122.778112
330 380 74.324051
330 412 87.183317
330 679 113.621525
330 799 117.73315
330 994 37.069943
330 1111 57.960552
330 1251 112.184302
333 297 61.851819
334 450 37.563402
334 536 35.873156
334 829 39.216015
334 1209 63.046427
336 163 25.2744
336 228 20.364239
338 285 27.25667
338 1057 27.591964
339 966 11.992956
339 1146 30.318901
340 1309 18.252539
342 903 73.222355
344 1066 81.296058
348 639 26.180373
348 911 75.066904
348 920 25.128919
348 985 49.251302
348 1089 111.461512
353 19 35.653447
353 1163 26.795817
355 504 98.307126
355 726 29.527607
355 848 89.952163
356 1137 24.957821
356 1224 141.484596
360 178 31.47324
361 1185 23.745628
364 304 153.247429
364 1244 32.390582
365 1136 68.115992
367 91 38.406194
367 1010 31.199684
367 1172 59.816452
369 199 69.710611
369 307 254.55945
369 319 43.417819
369 999 39.873483
369 1097 26.664042
369 1165 126.620397
370 80 93.217767
372 559 39.133203
373 377 13.041052
374 495 181.406425
374 731 31.206368
374 818 118.563374
374 913 229.229089
377 1082 43.043742
378 277 162.451023
378 583 27.716928
378 673 51.140042
378 916 43.943651
378 1305 45.843173
379 305 64.491379
379 711 31.600048
380 413 14.357384
380 692 32.983951
382 787 47.746957
385 12 119.065477
385 481 74.750178
385 1242 100.64587
388 200 42.004304
390 75 22.434348
390 595 70.195847
390 668 61.047414
390 926 53.933929
390 1049 56.90308
395 25 41.582365
395 233 93.649958
395 283 70.581344
395 394 1.40568
395 554 27.489646
395 1071 27.07
396 369 33.866308
398 397 1.066712
398 623 33.948982
398 875 23.885839
398 999 76.110624
398 1222 77.546932
401 295 88.978909
401 400 1.52121
401 1026 13.757013
401 1052 3.788511
399 978 27.365995
399 1026 75.323433
404 269 61.250224
404 1277 16.701062
406 275 65.89315
407 298 14.739233
407 1055 52.170744
408 1054 30.541424
410 21 67.913047
410 295 16.960072
410 431 31.308434
410 1192 58.186821
411 916 75.682141
411 950 87.098656
414 243 59.133495
414 380 13.521895
414 413 1.574664
414 422 58.62404
414 448 37.040809
414 692 46.133892
414 794 45.433709
414 960 129.92313
414 1322 63.476569
412 243 58.20009
412 302 93.260821
412 330 87.183317
412 692 45.774641
412 695 139.870595
412 779 78.962158
412 794 46.585571
412 1037 81.747504
415 883 14.184742
417 291 47.033847
417 749 57.762369
417 791 42.113676
417 927 91.906323
419 418 2.955719
419 600 30.738207
419 752 44.145037
419 1017 36.782417
419 1084 53.972155
419 1172 65.30292
421 1101 70.580099
424 111 14.842099
424 423 1.012308
424 701 20.993612
424 794 39.725158
424 870 25.049191
426 334 19.838623
426 425 1.824132
426 536 41.734856
427 9 89.717763
427 276 62.593189
427 624 42.921267
427 682 121.437336
427 949 92.931841
429 428 1.001024
429 653 22.895479
429 692 41.710512
429 794 11.087639
429 994 53.967294
431 106 107.273399
431 107 49.233563
431 305 33.124225
431 410 31.308434
431 411 73.843203
431 554 82.866791
431 631 67.940604
431 672 50.11467
431 738 68.889095
431 769 70.329358
431 894 76.520818
431 960 158.212718
431 1026 75.416119
431 1071 117.66662
431 1184 53.828309
431 1193 51.200386
432 1020 101.183933
433 759 43.746625
433 996 24.904476
435 570 20.24516
437 310 81.603098
437 1232 60.820838
439 67 34.694392
439 656 131.818353
439 1116 75.723061
440 155 20.19056
440 807 21.564054
441 41 20.765535
441 484 86.862235
443 857 32.408172
443 1019 34.662299
444 142 68.576368
444 479 32.925622
444 982 35.822596
445 660 25.598623
445 729 18.561511
445 855 60.990907
445 880 83.9826
446 91 43.079426
446 1172 56.149902
447 44 110.374256
442 512 54.836064
448 413 35.71023
448 779 41.946132
449 457 40.486771
449 766 59.114587
449 769 15.067943
449 1027 13.368669
449 1312 51.01203
450 334 37.563402
450 425 39.903802
450 749 39.406422
450 873 40.466736
450 1209 81.538745
451 262 45.271556
451 1130 22.384961
452 659 48.298959
452 949 65.71445
456 178 37.61338
456 360 12.173228
456 681 57.551974
456 857 42.8375
457 449 40.486771
457 766 39.476434
457 1213 10.670387
460 99 25.067028
460 473 78.652689
454 178 36.28106
454 784 27.479723
454 1029 73.868108
454 1059 59.591879
454 1088 71.562857
462 821 12.684326
463 808 26.221817
463 1162 32.666285
464 315 82.536968
464 731 107.693659
464 818 115.839849
465 355 86.80382
465 693 109.631114
465 1047 53.803332
469 163 8.097094
469 961 33.372768
469 962 27.486894
471 302 74.88313
471 711 30.668057
473 25 48.347271
473 369 142.586167
473 1192 50.768694
477 512 50.564795
477 1179 54.624948
479 444 32.925622
479 626 26.1183
479 959 20.320296
479 1170 65.880873
479 1212 43.897537
480 455 14.069183
481 8 46.044444
481 161 59.698995
481 457 172.786567
481 569 9.380154
481 628 60.638948
483 127 34.436807
483 612 45.040415
483 628 50.480869
483 704 78.837109
484 140 18.527151
484 441 86.862235
489 646 68.396343
493 603 26.616507
493 1309 25.387482
495 818 83.650908
495 913 54.58063
496 325 40.503821
501 715 44.482015
506 505 0.532287
506 733 40.897993
506 1103 24.813981
506 1168 23.409864
504 505 9.757524
504 726 125.346928
504 801 66.217565
504 803 91.439189
504 848 22.412502
504 1030 12.004148
504 1050 74.343516
504 1053 89.084843
504 1200 105.245694
511 333 19.550422
511 1179 49.179643
512 740 68.346067
513 139 40.857061
513 960 31.492152
515 73 23.706305
515 189 44.974741
518 246 74.185102
520 960 46.813064
520 1081 6.238702
521 257 92.550688
521 957 63.608529
522 650 18.127357
524 281 66.951659
524 972 47.998691
528 1163 45.798254
532 133 62.569431
532 301 49.644775
532 594 46.505311
532 814 92.999396
532 1162 57.027839
533 1029 22.894393
536 334 35.873156
536 650 32.903168
536 1245 17.908367
540 12 66.839577
540 569 79.679084
540 592 6.441867
540 712 7.722499
540 752 42.619221
540 831 118.125964
543 636 44.379171
543 1149 7.77708
544 390 55.361379
544 578 62.470681
544 754 21.229637
544 893 56.113985
545 68 50.564114
545 133 11.933878
545 1162 41.705778
546 1174 30.892129
548 132 29.030307
548 883 62.37988
549 198 39.38486
550 764 19.372954
551 1017 49.984253
553 207 67.395452
554 266 132.598114
554 394 28.463726
554 431 82.866791
554 572 13.371804
554 978 70.443512
554 1046 22.630832
554 1071 34.799848
556 1011 42.128919
557 540 38.034648
557 831 155.167353
559 683 13.366495
562 104 44.035346
562 557 27.464379
562 791 5.699731
564 267 20.293425
566 210 38.19314
566 1192 128.473557
567 1032 48.813097
568 462 42.582602
569 446 55.540923
569 481 9.380154
569 483 61.869875
569 540 79.679084
569 1010 34.773837
570 1187 14.55459
572 1046 9.26903
575 161 66.883433
575 446 48.231316
575 624 97.649139
575 1242 43.170342
576 1033 29.984859
577 840 92.062671
577 876 84.342723
577 1005 9.874647
577 1131 104.89024
578 77 46.892859
578 544 62.470681
578 595 45.76458
578 754 68.276192
578 893 18.510273
579 553 56.989171
579 837 63.633875
580 681 38.404753
580 843 94.456137
581 780 25.088593
583 107 32.007334
583 378 27.716928
583 554 63.698243
583 978 14.624862
583 1068 133.516982
583 1213 11.573715
585 584 2.443936
585 658 35.715242
585 851 25.509438
587 276 173.752011
587 307 33.13976
587 1160 76.575571
588 605 24.149967
588 624 12.957079
588 924 23.58513
592 540 6.441867
592 791 71.377175
592 1010 38.463406
592 1012 20.11129
594 532 46.505311
595 10 78.809308
595 12 88.127328
595 427 261.421571
595 578 45.76458
595 608 17.280177
595 730 56.755292
595 893 56.926284
596 624 99.56893
598 198 82.499779
598 228 38.565324
598 229 37.559377
598 310 121.626067
598 961 64.200568
599 1156 31.559971
600 861 40.89746
600 1017 6.846155
602 310 48.348838
602 1292 18.829203
602 1293 7.880854
604 247 35.691223
604 493 24.171136
604 546 26.898547
604 549 31.888072
604 603 2.464614
604 1092 12.76838
606 605 3.098301
606 624 12.385425
606 643 9.722831
607 145 20.429485
611 75 72.750656
613 385 47.09208
613 483 46.422055
613 612 2.118302
613 853 51.28608
613 1106 54.042788
615 75 48.279757
615 614 1.206879
617 159 16.554336
619 588 21.704754
619 673 22.847236
620 725 37.945966
620 1073 71.219255
622 20 72.988077
622 726 88.058479
622 957 60.936262
623 1151 19.999491
623 1227 43.334807
624 127 77.841386
624 161 32.607745
624 427 42.921267
624 483 81.08928
624 575 97.649139
624 628 34.073119
624 673 56.191994
624 691 71.689017
624 698 33.332513
624 1255 115.192504
626 322 13.852987
626 479 26.1183
626 708 31.475016
626 1076 45.34985
626 1088 151.396181
628 605 20.405223
631 738 1.419544
631 941 34.374928
631 1019 74.705053
631 1192 59.567575
634 1292 12.979636
636 958 35.571032
635 301 21.416598
635 953 14.264276
635 1034 32.139625
639 348 26.180373
639 774 45.124762
639 1189 47.836562
641 310 45.54448
641 723 23.617241
641 1291 29.032026
642 479 52.470261
642 626 34.997479
642 708 12.389312
642 959 69.677234
642 982 42.006734
643 588 11.573323
643 619 28.401816
643 698 30.683779
644 7 30.870964
644 204 37.908776
644 584 50.878923
644 1206 22.922104
646 636 145.252287
647 355 37.136438
647 726 11.192398
649 199 48.520382
650 536 32.903168
650 1202 16.099487
651 1111 95.837966
653 412 18.522084
653 413 18.873563
654 257 82.489967
654 957 61.599827
654 1087 28.123337
656 961 64.762683
657 597 3.021476
657 649 136.593092
658 204 39.566549
658 584 37.979094
658 851 60.939686
658 1169 11.412719
659 452 48.298959
659 1202 36.199149
660 445 25.598623
664 992 23.80111
666 216 8.796914
666 665 1.460297
666 1120 7.556978
666 1185 8.621087
668 165 30.515176
668 706 10.78964
668 743 62.34954
669 44 36.76703
670 228 40.29627
670 739 18.063464
670 999 24.671535
671 496 21.473153
672 471 48.432568
673 25 163.140415
673 226 43.848168
673 378 51.140042
673 619 22.847236
674 350 36.035577
675 1256 2.965007
676 258 28.780558
676 948 7.77845
676 961 22.96323
677 21 19.49192
677 243 42.225759
679 187 33.822415
679 936 32.15997
680 1113 64.263575
680 1308 107.349222
681 454 59.000045
681 480 64.354337
681 1088 35.309565
682 1169 55.029304
683 665 46.549235
684 273 23.168705
684 326 93.937383
688 851 27.160707
688 1039 7.661234
689 959 37.077151
689 1136 29.792418
690 651 68.637514
690 1264 50.993166
691 266 14.886806
692 330 44.022546
692 412 45.774641
692 1058 23.657473
693 348 39.510345
693 787 66.286153
695 93 17.052231
695 410 32.792941
695 1184 46.250441
698 588 20.375456
698 916 44.435705
701 111 32.280168
701 423 20.214802
701 1058 51.078177
701 1320 13.248792
704 1010 8.541837
706 668 10.78964
706 758 46.858283
706 984 35.700422
706 1049 19.343054
706 1104 35.070441
707 801 11.312631
707 1200 64.169436
708 73 39.826565
708 444 20.78084
708 626 31.475016
709 58 45.978305
709 188 38.328426
709 431 16.263202
712 540 7.722499
712 752 34.896722
712 1172 80.90023
711 57 18.367157
711 145 56.595988
711 243 142.072376
711 373 45.91258
711 379 31.600048
711 714 93.519658
711 766 117.769489
711 795 130.288793
711 1026 53.809236
711 1144 44.647759
713 564 44.618921
714 578 3.885112
714 719 17.9813
714 754 69.091412
714 758 37.807897
714 1024 53.900423
715 257 69.501807
715 501 44.482015
715 654 94.973214
715 747 39.86354
715 910 77.079458
715 1167 16.661974
719 451 52.818207
719 711 91.012533
719 714 17.9813
720 5 17.607741
720 273 44.374631
721 711 55.140781
721 1312 44.040177
722 617 44.856491
723 310 62.764471
723 676 29.653614
723 961 38.869555
724 223 46.78448
724 280 100.067688
724 1131 25.420077
725 214 40.98475
725 980 23.135414
725 1258 3.665822
726 20 33.660939
726 96 18.081791
726 146 33.590572
726 355 29.527607
726 504 125.346928
726 757 41.896517
726 880 47.186441
726 966 42.914817
726 1113 164.960494
726 1200 24.563647
727 253 15.658351
727 285 29.895529
727 1326 101.901218
729 445 18.561511
730 859 32.347971
731 117 91.69869
731 814 13.679255
731 820 34.916472
731 850 20.89679
731 1162 38.557602
733 1137 36.11518
734 754 59.473416
734 794 23.60495
738 968 108.079569
739 1222 16.40654
740 286 31.842166
741 68 71.07205
742 460 37.830714
743 923 58.837602
745 177 63.968024
745 1180 83.182151
747 715 39.86354
747 1004 9.256725
749 450 39.406422
749 829 56.608764
749 873 39.057246
749 883 92.623111
749 1062 52.318895
749 1262 26.348836
751 765 62.037625
751 1109 36.469494
752 104 23.220268
752 123 24.224352
752 246 53.965593
752 418 45.259541
752 540 42.619221
752 712 34.896722
752 788 25.521457
752 861 29.634007
752 883 113.518335
752 923 49.192729
754 56 67.865012
754 111 62.251903
754 390 71.198742
754 422 69.460135
754 423 72.554153
754 714 69.091412
754 734 59.473416
754 762 60.104993
754 870 46.690288
754 976 48.34974
754 1024 69.023251
755 280 15.811926
755 1284 27.763628
755 1285 27.415579
756 267 13.726503
757 899 33.429862
758 165 54.440509
758 350 26.267716
758 1263 20.236765
760 238 20.750152
760 1155 25.340618
760 1184 33.335862
760 1215 22.088525
762 210 126.592799
764 550 19.372954
764 1054 15.999309
764 1141 36.850729
765 664 100.459503
765 720 62.002465
765 751 62.037625
765 1273 33.767401
766 25 83.485731
766 431 38.37834
766 471 88.914173
766 790 30.585735
767 162 41.658856
767 254 119.871109
767 1223 70.118658
769 431 70.329358
769 449 15.067943
769 766 45.590337
771 71 47.366088
771 269 115.642746
772 1179 21.999088
773 887 40.687623
774 290 40.745496
774 639 45.124762
775 310 111.894841
775 634 116.46784
775 839 65.518544
776 462 53.697529
777 977 67.758374
778 91 40.327756
779 21 12.813552
779 145 40.544001
779 412 78.962158
779 711 95.913998
779 1081 61.88789
779 1239 32.699771
780 257 44.662272
780 957 39.303186
784 543 87.224243
784 1089 63.625066
785 116 45.080252
785 198 84.772356
785 307 198.263477
785 863 154.67503
785 1309 35.919601
787 979 28.805762
788 104 22.713301
788 110 70.342391
788 752 25.521457
790 1193 49.042168
791 416 42.386949
791 562 5.699731
791 592 71.377175
791 712 68.294408
791 844 45.407874
791 847 41.456386
791 1062 19.023731
793 275 42.597721
793 326 42.280954
795 428 10.974496
794 412 46.585571
794 413 46.90716
794 422 31.74959
794 423 40.246842
794 428 11.219818
794 734 23.60495
799 187 25.569231
800 522 37.613382
801 504 66.217565
801 707 11.312631
801 855 34.376611
801 1137 41.562461
803 280 45.210401
803 504 91.439189
807 153 38.577587
807 193 35.316081
807 194 28.840836
807 570 58.132493
808 462 42.985766
812 41 10.391014
812 961 37.988686
812 962 43.88666
814 374 21.052767
814 462 35.390859
814 556 47.938438
814 731 13.679255
814 1160 51.251618
815 179 74.077639
815 1255 69.471611
818 374 118.563374
818 464 115.839849
818 495 83.650908
818 953 162.86451
822 68 71.136626
822 133 51.77747
822 814 46.754114
822 821 0.738495
822 1122 12.945763
820 68 71.103662
820 125 20.777407
820 161 267.402278
820 204 48.159528
820 1162 31.758976
820 1169 64.726279
823 977 79.256526
823 1033 99.130574
824 62 9.812385
828 827 85.562319
827 109 38.183413
827 318 36.634979
827 905 35.301819
827 906 77.69476
827 1179 44.952826
827 1183 72.718047
830 334 38.534654
830 749 55.639811
831 595 32.584212
831 893 80.013635
832 1092 34.9887
834 1143 55.178138
837 473 68.619256
837 1116 46.561853
839 867 19.380659
840 1030 95.659941
842 1129 10.251939
843 1192 119.128635
844 845 47.641944
844 883 30.85274
845 557 35.581081
845 752 52.820648
845 847 14.863298
846 455 27.884262
847 752 37.957352
847 937 25.509542
848 149 71.624568
848 465 28.578734
850 125 26.436642
850 820 17.825342
851 584 23.52508
851 658 60.939686
851 688 27.160707
851 1018 15.619523
851 1039 34.821935
853 291 57.622725
853 949 66.454002
853 1106 15.941148
854 778 15.007891
855 96 84.430654
855 445 60.990907
855 801 34.376611
857 443 32.408172
857 454 39.792146
858 162 62.376122
859 57 46.000808
859 114 81.982645
859 471 36.67318
859 1027 32.504873
859 1151 269.315211
861 600 40.89746
861 752 29.634007
862 52 34.331015
862 949 76.481191
862 1209 29.112326
863 775 83.351718
864 165 5.146518
864 168 13.95441
866 960 57.564133
866 1060 20.721082
867 325 27.925369
867 372 20.977612
867 828 15.551308
871 274 25.93574
871 754 46.618929
871 794 48.318525
874 1 37.449333
874 450 37.205172
874 749 35.935409
874 844 81.814467
874 873 3.730214
875 184 34.420972
875 397 24.083315
875 623 57.661654
875 1118 15.046467
875 1151 70.027535
876 465 84.544865
880 445 83.9826
880 726 47.186441
882 554 57.288857
883 548 62.37988
883 749 92.623111
887 437 25.350297
888 272 49.731647
888 543 19.782083
890 44 16.845145
891 1006 72.404658
893 56 3.358951
893 390 17.275054
893 544 56.113985
893 595 56.926284
894 394 26.955983
894 759 76.893766
900 122 21.395503
900 899 1.362938
900 935 23.037734
900 1188 50.707714
901 33 15.08395
901 620 30.582049
903 348 20.800732
903 985 63.207864
905 827 35.301819
906 33 11.45567
910 146 23.202867
910 257 10.082933
910 715 77.079458
911 727 26.206359
912 800 44.079227
913 304 84.470516
913 495 54.58063
913 785 128.118515
915 222 34.190109
916 233 13.046049
916 311 76.054647
916 427 80.518888
918 261 48.186584
920 348 25.128919
920 1020 31.57422
923 246 31.23549
923 418 49.100819
923 752 49.192729
924 588 23.58513
924 815 12.39154
925 1308 73.651601
926 54 38.588885
926 595 25.55582
926 1263 23.278646
927 937 72.243502
929 137 17.222843
929 269 67.710626
931 961 57.358745
933 353 55.802331
933 954 78.091259
934 74 34.543907
935 707 76.508541
935 1313 12.522948
936 312 43.455204
936 690 35.88282
936 1128 91.830315
937 923 41.318153
939 1284 46.931875
942 287 43.868391
942 631 31.688012
942 941 5.182432
942 1193 66.151661
943 1105 52.888268
946 102 55.4571
946 1302 35.762997
948 116 118.82854
948 327 15.910018
948 961 23.687982
948 962 24.063986
949 7 57.975093
949 9 17.983268
949 169 93.580083
949 452 65.71445
949 853 66.454002
949 862 76.481191
949 912 56.849216
949 1261 35.579892
950 427 71.999912
950 1206 176.87647
953 635 14.264276
953 818 162.86451
953 1171 77.720883
954 253 63.265273
954 1076 64.119262
955 587 208.391509
958 957 37.04071
959 322 30.637859
959 479 20.320296
959 689 37.077151
957 20 74.559841
957 146 42.535716
957 647 51.429276
957 757 23.352331
944 875 45.008104
960 39 33.356816
960 513 31.492152
960 866 57.564133
960 1081 49.976744
963 469 30.718966
963 1211 9.924958
963 1291 35.605051
961 275 210.028445
961 579 86.904913
961 676 22.96323
961 723 38.869555
961 812 37.988686
961 934 40.418581
961 948 23.687982
961 1165 58.816305
961 1211 14.474031
961 1250 57.261721
965 259 56.472002
965 269 51.847463
965 270 25.268674
966 715 95.568228
966 910 23.604855
968 172 21.809186
968 271 95.981599
972 524 47.998691
972 635 59.751301
972 1034 32.408206
972 1171 38.16566
973 275 86.733716
973 793 45.403907
975 25 21.3127
975 303 9.346305
976 111 13.902167
976 754 48.34974
977 310 95.482521
977 775 61.096513
977 777 67.758374
977 823 79.256526
978 226 26.430798
978 378 13.092475
978 399 27.365995
978 583 14.624862
979 1268 19.43334
981 980 18.853579
981 1278 17.480816
980 140 73.50782
980 269 79.954714
980 773 32.601929
980 1073 75.650636
980 1277 38.324011
982 444 35.822596
982 580 42.784244
982 742 82.179109
982 1269 36.442008
984 595 50.591393
984 926 25.035588
987 248 30.304556
987 986 1.994512
987 988 23.145214
988 435 119.152079
988 642 59.551967
988 987 23.145214
988 989 42.609493
988 1043 67.414571
989 73 14.873643
989 1089 78.320683
989 1269 37.129403
985 979 81.197318
985 1074 5.16704
985 1283 38.164435
992 577 36.144651
992 1093 4.935236
993 269 33.826058
994 795 62.720943
994 1037 8.757527
996 968 79.447499
999 369 39.873483
999 397 77.094899
999 670 24.671535
1001 1070 35.02812
1002 262 33.018075
1002 1172 16.661574
1004 747 9.256725
1005 1131 99.352735
1005 1224 87.522169
1006 891 72.404658
1006 1113 28.132915
1010 367 31.199684
1010 416 82.002145
1010 569 34.773837
1010 592 38.463406
1010 1012 36.830127
1011 1068 199.663421
1012 261 61.655775
1012 262 61.00263
1012 592 20.11129
1012 1010 36.830127
1012 1084 15.714072
1017 168 12.376229
1017 320 39.520039
1017 350 59.677941
1017 418 37.610174
1017 600 6.846155
1019 443 34.662299
1019 489 35.822279
1019 968 34.409874
1019 1192 123.328384
1018 277 56.60348
1018 851 15.619523
1020 920 31.57422
1020 1289 17.795254
1024 75 12.644264
1027 449 13.368669
1027 769 24.061336
1027 1144 8.869036
1028 752 71.088181
1028 1175 62.424352
1026 145 38.805889
1026 400 12.269123
1029 1283 55.552724
1030 504 12.004148
1030 801 56.628303
1030 1137 62.571457
1032 579 52.073671
1032 1136 42.346422
1032 1211 46.6307
1032 1317 92.739371
1033 304 102.578004
1033 576 29.984859
1033 1092 48.794898
1034 594 58.892982
1034 972 32.408206
1037 412 81.747504
1038 291 22.935801
1039 199 96.555822
1039 277 53.297196
1039 315 25.123191
1039 388 54.090689
1039 688 7.661234
1039 851 34.821935
1043 151 48.142631
1043 988 67.414571
1045 1156 22.936637
1046 179 42.796198
1046 233 55.653659
1047 20 33.494853
1049 595 100.188893
1049 706 19.343054
1050 223 17.990582
1050 504 74.343516
1051 731 29.139132
1052 399 58.090803
1053 726 37.058018
1054 536 83.425122
1054 764 15.999309
1054 776 88.97011
1054 1202 34.422524
1055 599 43.137693
1055 1087 66.796523
1056 73 47.576769
1056 255 7.392528
1057 128 13.913416
1057 973 64.991717
1058 692 23.657473
1059 23 25.769503
1059 1128 40.47134
1060 93 28.073528
1060 695 15.830562
1062 749 52.318895
1062 791 19.023731
1063 151 22.19253
1066 715 73.203152
1066 1190 59.315289
1069 1068 44.427948
1070 1078 64.64934
1070 1150 29.69449
1068 163 207.902681
1068 180 56.253319
1068 583 133.516982
1068 975 98.642078
1068 1071 59.337772
1068 1097 41.4432
1068 1151 151.325517
1068 1255 41.591295
1071 25 67.528159
1071 303 40.534204
1071 394 28.270971
1071 431 117.66662
1071 722 35.052485
1071 766 99.611933
1071 1117 106.359224
1071 1255 66.573913
1072 528 43.280519
1073 220 25.850935
1073 567 149.41447
1074 515 15.039892
1074 1057 58.707969
1075 338 29.834265
1076 253 8.846516
1076 626 45.34985
1076 642 42.564212
1076 1271 29.066402
1079 803 80.470609
1079 876 68.51381
1079 1105 25.004165
1078 273 66.888177
1078 755 30.533085
1078 1105 24.845785
1078 1284 31.588944
1081 243 35.953738
1081 779 61.88789
1081 960 49.976744
1081 1322 31.567846
1082 413 28.364321
1084 1012 15.714072
1084 1091 64.638559
1086 94 49.014653
1087 521 12.129841
1087 888 28.581017
1090 151 23.464445
1090 255 31.80105
1090 271 51.469608
1090 454 76.70572
1090 1088 5.717528
1090 1283 45.298391
1088 271 45.765075
1088 1063 46.484195
1088 1089 7.302977
1088 1156 23.696594
1088 1269 50.809076
1092 198 79.984138
1092 603 12.97324
1092 832 34.9887
1092 977 97.798408
1092 1033 48.794898
1091 418 14.048848
1093 44 128.810241
1093 273 34.950972
1093 1109 53.559554
1093 1284 36.796249
1097 319 18.67231
1097 369 26.664042
1097 1068 41.4432
1101 1068 257.786572
1101 1130 71.086673
1101 1312 51.641401
1103 223 58.079119
1103 465 71.242449
1103 803 73.173567
1104 1130 30.840716
1105 251 45.84414
1105 1078 24.845785
1105 1189 69.133481
1106 52 44.81552
1109 102 34.192547
1109 751 36.469494
1109 1093 53.559554
1109 1231 47.995103
1111 330 57.960552
1112 1135 22.122039
1113 257 106.522913
1113 680 64.263575
1113 726 164.960494
1113 1006 28.132915
1116 1136 57.514173
1117 412 187.047062
1118 184 19.37594
1118 875 15.046467
1119 118 31.947976
1119 198 89.699217
1119 597 5.25142
1119 657 8.136335
1119 1225 8.777806
1119 1292 106.1172
1121 109 74.360683
1120 217 19.641188
1120 325 75.523462
1120 1121 13.175861
1122 204 34.379625
1128 20 202.103857
1128 317 15.821326
1128 1055 22.621553
1129 1135 32.598525
1130 54 10.364047
1131 44 27.203629
1131 669 32.160585
1131 724 25.420077
1135 1193 24.279943
1136 689 29.792418
1136 1032 42.346422
1136 1319 40.486222
1137 356 24.957821
1137 801 41.562461
1137 1030 62.571457
1141 545 58.700974
1141 764 36.850729
1141 1238 22.511413
1143 683 16.282576
1144 711 44.647759
1144 1027 8.869036
1145 614 36.383098
1146 445 91.501745
1147 1151 33.479645
1149 1089 82.186061
1150 939 12.690024
1153 397 39.887391
1153 473 69.173754
1153 915 51.978072
1153 944 19.306891
1153 1151 20.431141
1153 1152 0.903267
1154 439 39.443227
1154 1147 29.636952
1155 1154 11.292012
1151 106 48.68993
1151 121 23.969912
1151 473 51.680881
1151 656 99.838961
1151 837 21.741707
1151 875 70.027535
1151 915 66.657407
1151 1152 19.559106
1156 151 22.082647
1159 522 70.724682
1160 307 84.726189
1160 814 51.251618
1162 31 84.377346
1162 307 186.360841
1162 374 63.562212
1162 463 32.666285
1162 532 57.027839
1162 556 94.590771
1162 731 38.557602
1162 820 31.758976
1163 137 37.56524
1163 269 52.203831
1165 228 24.073177
1165 229 24.547297
1165 961 58.816305
1167 713 55.151288
1168 848 27.701758
1169 568 12.867785
1169 644 40.631613
1169 658 11.412719
1169 820 64.726279
1169 1051 36.585879
1169 1162 92.887063
1170 1088 87.039689
1170 1283 60.360423
1171 953 77.720883
1171 972 38.16566
1172 12 29.737423
1172 165 46.016764
1172 262 28.620898
1172 367 59.816452
1172 595 71.110349
1172 605 184.071193
1172 624 196.493136
1172 1017 39.755668
1174 977 42.828312
1175 246 64.533186
1180 236 21.281025
1179 236 38.316795
1179 740 84.14541
1179 772 21.999088
1183 665 32.043243
1183 1185 33.300091
1184 431 53.828309
1184 759 32.565483
1186 269 78.011993
1186 665 9.069115
1186 1279 10.661158
1186 1281 25.996547
1187 622 34.217205
1188 713 123.869888
1188 716 83.000603
1189 639 47.836562
1189 1105 69.133481
1190 564 56.687517
1190 1066 59.315289
1190 1264 15.867322
1191 858 65.591478
1191 1314 36.393551
1194 42 37.668595
1194 410 54.010635
1194 431 50.976592
1194 709 61.424789
1194 1192 7.025454
1194 1193 0.502197
1194 1195 16.970916
1192 25 42.037941
1192 266 208.335419
1192 410 58.186821
1192 411 86.981799
1192 431 51.334776
1192 566 128.473557
1192 631 59.567575
1192 759 25.006147
1195 433 34.690152
1195 1155 43.26564
1197 9 19.331521
1197 127 19.537538
1197 175 53.821257
1197 612 77.995241
1199 1213 81.605554
1200 96 9.644332
1200 707 64.169436
1200 726 24.563647
1201 1105 38.860298
1202 650 16.099487
1202 659 36.199149
1202 1054 34.422524
1204 38 62.726118
1206 68 123.990179
1206 276 89.768568
1206 314 60.118349
1210 52 26.306039
1210 309 7.226232
1210 536 63.102022
1210 853 66.150028
1210 1106 51.992373
1210 1209 3.040023
1211 961 14.474031
1211 962 13.430396
1211 1032 46.6307
1212 67 36.806275
1212 479 43.897537
1213 457 10.670387
1213 583 11.573715
1213 766 39.931945
1215 25 41.578755
1215 759 22.08906
1215 941 69.238109
1220 364 31.321675
1222 229 12.700179
1223 755 33.071495
1224 356 141.484596
1224 1284 104.172437
1225 228 22.381993
1225 229 21.479225
1225 1119 8.777806
1227 106 7.578243
1227 975 48.333221
1230 451 39.344359
1230 721 19.112323
1232 641 39.984028
1231 1109 47.995103
1235 200 41.211001
1236 322 44.596224
1236 1319 38.098443
1238 1141 22.511413
1239 448 9.247134
1242 12 28.744252
1242 551 41.712424
1242 575 43.170342
1242 859 134.888388
1244 62 17.932536
1245 52 46.912154
1245 309 40.042944
1245 536 17.908367
1250 310 74.403398
1250 484 98.701458
1250 1319 104.9934
1251 936 31.417235
1254 673 33.299878
1254 1199 22.745593
1255 180 34.805183
1255 276 83.928706
1255 277 83.123255
1255 617 29.063315
1255 624 115.192504
1255 1068 41.591295
1255 1071 66.573913
1256 1230 14.203424
1258 671 26.319265
1258 980 21.729961
1261 276 77.1865
1261 949 35.579892
1262 306 2.999396
1262 416 31.186176
1262 1038 31.23219
1263 29 20.197182
1263 719 13.804265
1264 154 117.939397
1264 178 99.416161
1264 195 56.359705
1264 267 63.424174
1264 564 65.800328
1264 654 84.976802
1264 1128 26.709937
1264 1190 15.867322
1268 1045 13.389041
1268 1063 17.561322
1269 73 31.059236
1269 255 15.232812
1269 982 36.442008
1271 515 49.098157
1271 642 24.432522
1273 269 19.182027
1273 765 33.767401
1273 1086 16.428904
1274 45 35.697939
1274 767 27.148285
1276 214 20.015296
1276 477 19.721697
1277 929 18.000528
1279 404 46.42167
1279 980 34.414803
1280 765 95.73522
1280 1282 53.553068
1281 442 20.511309
1281 827 49.24296
1282 771 41.991764
1278 1280 37.001475
1283 986 37.497773
1283 1088 50.926883
1286 102 81.813819
1286 273 46.588685
1286 767 92.638675
1286 943 16.306115
1286 1079 33.978454
1284 102 84.577192
1284 162 52.520265
1284 273 49.747644
1284 755 27.763628
1284 1005 26.783652
1284 1078 31.588944
1284 1093 36.796249
1284 1224 104.172437
1284 1274 108.90513
1289 70 5.527104
1291 641 29.032026
1291 962 36.757068
1292 55 37.386095
1292 198 63.858277
1292 601 19.152435
1292 775 128.888128
1292 977 97.138294
1293 1325 22.450338
1294 71 89.177579
1294 206 43.453177
1294 269 102.266973
1294 361 68.676563
1294 827 93.521462
1294 901 64.164855
1294 1258 98.848411
1294 1276 42.350595
1297 254 11.54028
1297 273 10.623547
1299 599 24.020639
1302 946 35.762997
1302 1314 28.821607
1305 226 35.043602
1305 378 45.843173
1305 1312 49.808999
1308 680 107.349222
1308 925 73.651601
1309 304 71.657599
1309 493 25.387482
1309 785 35.919601
1312 449 51.01203
1312 721 44.040177
1312 1101 51.641401
1312 1305 49.808999
1313 880 32.979077
1314 197 113.750553
1314 1191 36.393551
1314 1302 28.821607
1318 567 57.990969
1318 1072 50.664718
1318 1323 14.675141
1318 1326 15.156075
1319 1236 38.098443
1319 1250 104.9934
1320 701 13.248792
1323 41 93.283394
1323 365 24.838829
1323 1317 13.838207
1322 413 61.915352
1325 74 20.369335
1325 961 61.896498
1325 962 65.99421
1326 406 25.978646
1326 954 39.087076
1326 1317 16.110893
